50 31 11
107 315 4988
122 107
9665 33
119 107 1113 122 11
215 114 22 129 107 638 122 483 114 122 107 705 49 262 275 235 8958 200 520 44 122  unknown ???  unknown ??? 855  unknown ??? 4470 200 1845 119 200 6539 114 4785 151 200 11
1204 34 114 34 200 5892 855 200 2104 4040  unknown ??? 107 9665 182  unknown ??? 114 855 200 1220 6724  unknown ??? 107 9665 5779 114 107 9665 1891  unknown ??? 1204 7560 34 200  unknown ??? 1204 5593 6841 151 107 768 1283 119 9057  unknown ??? 235 273 4035 140  unknown ???  unknown ??? 34 223 200 34 1845 129 31 114 223 4165 4035 129  unknown ??? 178 37 129 107 427 173 200 536  unknown ??? 235 4785 129 835 4417 122 11
172 248 107 768 122 107 1113 122 6241 119 107 6633 122  unknown ??? 114 119 107 34 4379 122 9665  unknown ??? 119 132 1908 114 11 107 551 44 122 140 768 223 31 4685 1113 114 4988 780 166 34 107  unknown ??? 450 318 154 387 132 34 2085 223 107 4986 122 107 9665 11 129 589 7356 107 9665 1113 194 34 322 768 119 315 4127 114 22 1797 1184 4285 107 1236 789 1916 1180 266 194 34 154 129 11 2679 173 140 315 768 114 372 37 154 129 1227 129 107 651 122 107  unknown ??? 172 223 3264 107 9665 33 168 31 1908 1255  unknown ??? 114 172 6988 265 1597 114 107 1597 122 265 1227 119 107 1132 122 1276  unknown ??? 122 1276  unknown ??? 114 1276 44 1604 107 11
107 9665 33 163 34  unknown ??? 114 223  unknown ??? 107 6920 122 589 182 114 11 107 33 4035 7077 114 4330  unknown ??? 3444 6314 114 3444 4035 119 219 1276  unknown ??? 114 4035 1276 5743 119 5097 107 3654 114 7744 122 107 1507 5598 114 122 219 1276  unknown ??? 37 219 107 1845 122 107 5598  unknown ??? 114 49 122 107 4035 5925 34 223 182 215  unknown ??? 275 194 6443 31 1326 262 107 1326 129 107 11
1661 265 1227 194 1225 107 35 1283 151 107 1255 122 31 1255 315  unknown ??? 35 122 107 1507 1113 122 6241 114 34 223 107 7303 122 219 200 479 114  unknown ??? 107 315  unknown ??? 223  unknown ??? 210 586 107 4330 114 6724 3280 122 107 33 129 1544 151 107 11
172 698 107 1132 122 107 9665 33 587 107 8164 122 107 481 758  unknown ??? 693 4368 172 35 367 265  unknown ??? 114 172 594 140 128 316 313 5454 140 1132 210 3792 154 223  unknown ???  unknown ??? 243 11 129 186 35 764 107 9665 5598  unknown ??? 223 1276 2715 114 7597 114 223 107 8140 122 1276 1845 119 6754 1614 151 107 1472  unknown ??? 1438 1288 1576 122 107 8523 7039 119 275 154 163 11
